01 7E 00 00
02 00 00 06
02 01 00 06
02 02 00 06
02 03 00 06
02 04 00 06
02 05 00 06
02 06 00 06
02 07 00 06
02 08 00 06
02 09 00 06
02 0A 00 06
02 0B 00 06
02 0C 00 06
02 0D 00 06
02 0E 00 06
02 0F 00 06
02 10 00 06
02 11 00 06
02 12 00 06
02 13 00 06
02 14 00 06
02 15 00 06
02 16 00 06
02 17 00 06
02 18 00 06
02 19 00 06
02 1A 00 06
02 1B 00 06
02 1C 00 06
02 1D 00 06
02 1E 00 06
02 1F 00 06
02 20 00 06
02 22 00 01
00 03 00 03
00 34 00 42
00 30 0A 00
00 56 A1 20
00 76 00 79
00 57 01 FF
00 58 03 0F
00 5B 00 08
00 5C 00 02
00 5D 00 09
00 5F 00 00
00 78 06 03
00 62 26 03
00 60 03 00
00 79 00 03
00 7D 00 01
00 04 00 01
00 05 00 07
00 04 00 00
00 6A AA 88
00 6B AC 88
00 6C 8A AA
00 53 0A B8
00 04 00 01
00 03 1A B8
00 04 00 00
01 00 00 10
00 53 0F 00
00 04 00 01
00 03 0A B8
00 0E 00 01
00 0D 00 A0
00 04 00 00
00 06 00 40
00 07 0F 7E
00 08 00 10
00 09 08 7E
00 66 00 00
00 2D 00 84
00 2E 00 00
00 2F 00 40
01 10 24 F8
01 11 00 01
01 12 23 F8
01 13 00 01
01 14 00 5A
01 26 00 37
01 27 00 00
01 28 00 CF
01 29 00 00
01 1E 00 00
01 1F 00 00
01 20 FF FF
01 21 FF FF
